299
300
296
296
296
296
296
296
296
296
296
300
302
302
302
302
302
302
302
304
304
304
304
312
320
320
320
321
324
326
322
322
321
321
323
326
326
328
328
329
327
331
337
340
338
341
350
353
352
349
369
365
428
384
472
489
443
467
454
484
523
421
326
326
326
326
326
326
326
247
243
241
241
241
235
228
227
227
222
221
219
217
220
219
217
217
218
218
220
221
221
221
221
222
227
227
228
235
239
241
239
240
244
286
326
326
326
326
326
326
362
393
393
403
383
401
407
405
401
409
405
403
416
326
364
326
326
326
326
326
326
253
251
249
247
244
241
235
230
227
227
226
221
221
221
221
221
221
221
221
221
221
222
227
227
227
228
232
237
277
258
233
235
276
253
236
245
259
242
239
248
251
241
241
243
241
236
236
236
235
235
235
235
234
233
233
233
233
233
233
233
235
235
235
235
235
235
236
236
237
240
243
243
242
244
247
247
247
248
251
257
257
259
259
259
263
266
277
280
326
326
326
326
326
326
326
326
324
322
324
326
389
399
340
326
582
582
582
582
582
582
582
582
582
582
582
582
582
582
582
569
542
540
540
540
540
544
542
543
539
537
539
545
548
551
562
561
561
561
561
561
561
561
561
561
561
1019
1022
1012
1006
1005
1015
1020
1000
998
993
985
982
979
979
865
978
977
974
895
807
802
799
798
805
799
804
794
793
790
797
801
802
804
801
800
792
442
326
326
298
264
263
263
263
263
262
260
259
257
257
257
258
259
259
259
259
259
259
259
264
269
286
325
326
309
302
321
326
312
304
325
316
302
302
320
312
304
305
307
301
301
304
304
298
