598
598
598
598
598
601
603
603
604
607
605
605
605
607
609
609
609
609
609
609
611
616
618
618
618
617
621
624
626
626
626
632
633
639
639
639
642
648
652
656
656
663
675
685
692
693
690
681
679
679
683
687
697
699
420
326
322
321
322
326
326
326
326
326
326
287
260
259
259
261
257
255
249
245
245
247
247
248
250
249
250
249
249
249
246
242
241
236
235
235
235
235
243
242
244
245
243
243
243
243
243
243
247
254
257
281
321
321
321
322
282
279
290
326
326
322
321
324
325
326
323
321
326
325
326
326
325
321
353
335
351
337
358
339
356
363
361
345
343
357
333
332
326
326
326
324
326
269
263
263
261
255
248
243
243
242
241
241
239
235
232
228
228
228
229
229
229
229
229
231
233
233
233
233
233
229
229
229
229
229
229
232
233
233
233
233
233
230
228
228
235
235
235
241
241
241
241
242
241
243
246
252
261
265
270
274
310
322
322
326
326
326
321
321
321
324
326
326
326
326
326
326
322
334
336
336
336
336
336
336
336
336
336
336
336
336
336
336
336
336
336
336
336
336
336
336
336
336
336
336
336
692
812
813
817
812
812
812
811
811
811
811
811
809
808
811
811
810
810
809
806
809
810
810
810
810
810
808
811
812
811
810
811
814
814
812
813
812
814
816
818
818
823
823
822
823
825
825
826
829
831
830
833
834
838
840
841
835
834
834
834
834
834
834
834
834
834
834
834
720
658
648
644
641
636
634
630
630
627
624
624
622
622
620
617
616
616
615
614
610
609
609
608
608
607
607
607
607
607
606
605
605
603
598
598
599
598
598
598
598
