599
599
599
599
599
599
599
599
599
601
601
603
601
601
605
605
605
605
607
607
607
608
612
614
614
616
616
616
620
622
622
625
626
628
635
634
641
642
644
646
656
657
660
664
676
679
679
679
679
679
679
679
679
679
704
775
780
776
775
775
769
772
771
770
770
770
766
764
764
764
762
762
762
762
762
760
757
757
756
756
756
756
756
756
756
757
758
757
758
758
758
757
756
756
756
757
756
756
756
756
758
762
762
762
760
760
762
763
764
764
764
764
764
764
764
764
764
764
764
764
764
764
764
764
764
764
764
764
764
764
764
764
764
764
764
435
322
321
326
326
326
321
322
326
325
326
326
326
326
284
273
272
267
265
263
263
263
262
257
257
251
251
248
247
247
247
244
243
244
243
242
243
241
236
236
236
236
230
232
236
236
235
237
236
235
236
236
237
236
236
237
237
236
237
236
236
241
243
244
249
247
244
247
247
247
248
254
259
263
260
263
265
267
271
271
271
276
286
315
324
326
326
321
323
326
346
340
349
326
326
376
324
346
324
326
321
322
322
326
326
324
321
321
321
305
304
298
298
298
298
296
296
290
289
289
286
286
286
288
290
289
288
288
288
288
288
288
288
288
288
288
288
288
288
288
289
290
290
290
290
290
289
290
296
296
296
298
298
298
298
297
298
303
308
320
321
324
326
323
321
321
324
326
324
321
321
323
328
336
343
336
334
624
374
689
346
577
657
438
660
644
642
643
561
632
632
630
626
625
624
618
617
618
617
616
614
613
613
609
609
607
607
607
607
605
604
605
599
602
602
599
599
599
599
599
599
599
599
599
599
