295
298
298
294
294
294
294
294
294
294
294
294
294
294
296
298
297
297
297
297
301
303
303
303
303
304
308
308
318
321
321
321
321
323
326
326
322
321
321
321
326
328
329
329
334
336
343
345
346
349
352
360
365
394
466
452
464
440
461
441
444
435
439
430
432
429
427
423
421
420
420
420
416
416
411
411
411
411
412
412
411
410
410
408
405
406
403
404
403
402
403
404
404
403
404
404
404
402
404
404
404
401
403
404
404
404
403
403
403
404
410
403
406
412
409
410
413
410
410
411
413
356
326
322
321
321
326
326
326
326
326
326
326
292
254
247
243
236
236
236
236
235
237
236
237
236
237
237
237
237
235
235
234
233
234
236
236
235
236
262
298
243
243
258
284
240
248
263
254
242
250
255
247
243
243
243
236
238
243
241
237
241
241
241
241
241
241
241
241
241
241
241
241
241
241
241
241
241
241
243
243
243
243
243
243
249
249
249
249
251
251
251
253
258
259
265
267
266
274
291
326
326
326
326
326
326
326
326
323
326
324
321
324
326
325
322
321
326
326
326
326
326
326
326
326
535
538
538
528
529
535
536
534
532
530
530
528
528
527
532
534
537
544
545
553
553
553
553
553
553
553
553
553
667
1012
1003
1001
1007
1014
1008
997
994
998
1016
999
986
986
980
977
977
978
975
889
814
911
819
850
804
806
806
804
905
811
804
485
326
326
326
326
326
326
326
326
326
312
272
269
261
258
255
250
248
244
243
243
241
236
241
243
243
243
243
246
247
249
251
254
257
265
266
266
274
298
320
323
300
298
316
320
300
298
310
302
300
300
302
301
296
297
297
