205
205
207
207
207
209
212
212
216
219
219
220
229
229
229
232
244
260
299
326
326
326
326
326
326
326
326
326
326
326
331
329
328
343
344
335
329
337
340
340
338
333
332
331
332
331
323
330
327
335
332
329
326
335
323
323
326
326
326
326
326
326
326
284
262
256
259
261
265
268
268
262
257
255
251
251
251
251
251
251
251
252
253
252
249
249
249
249
249
249
249
249
249
251
255
255
255
255
253
251
251
249
250
254
259
259
261
263
261
261
265
308
326
326
324
322
326
326
326
326
326
641
734
733
730
728
728
724
719
716
712
325
321
323
705
706
712
712
709
703
698
695
689
689
688
683
675
668
665
662
660
656
653
650
649
647
643
643
643
641
634
634
634
634
634
635
635
635
630
630
630
630
630
630
630
630
630
626
630
629
630
630
630
630
630
630
630
630
630
632
633
633
633
634
634
635
639
639
641
644
645
645
644
644
648
652
653
654
659
661
665
670
673
681
685
696
696
697
694
705
705
705
705
705
705
705
705
705
705
720
783
823
847
819
822
840
828
822
831
820
823
827
818
818
818
813
819
816
812
816
816
811
811
810
810
810
810
810
809
808
808
808
808
804
807
808
806
808
804
804
804
804
805
808
806
804
806
807
808
809
810
810
810
810
809
810
812
815
816
818
815
818
819
818
818
820
825
823
823
823
823
826
833
834
833
833
842
843
841
844
847
848
849
849
849
849
849
849
849
849
849
849
534
544
529
513
528
476
449
322
322
326
326
326
326
366
391
326
326
326
326
303
231
226
225
225
225
225
225
221
219
219
216
212
212
210
209
209
205
205
