198
198
198
202
205
205
205
207
211
211
211
211
211
213
213
213
213
213
216
219
219
221
221
217
219
229
238
241
243
245
252
257
257
252
276
326
326
326
326
326
326
326
326
326
326
326
326
326
326
326
326
326
326
326
326
326
326
326
326
439
778
778
774
772
773
772
771
772
768
765
765
765
765
766
766
766
762
762
758
759
757
757
757
757
757
761
757
757
757
757
757
757
757
757
758
757
757
757
760
764
757
757
762
757
765
766
766
766
766
765
765
766
768
769
774
771
773
773
773
775
778
780
781
790
780
790
790
790
795
796
791
786
786
786
786
786
786
786
786
786
786
786
786
724
681
678
671
670
666
663
662
660
660
660
658
658
658
655
651
651
651
648
645
645
645
644
643
643
643
643
642
641
643
641
640
634
634
634
634
634
634
634
634
634
634
635
643
642
636
635
645
643
632
630
645
645
619
617
614
609
609
608
607
607
608
609
608
606
603
598
599
463
326
326
608
396
335
604
611
616
616
611
597
591
509
327
338
327
334
340
326
327
325
321
323
326
326
321
321
322
326
326
323
321
321
314
303
296
294
291
290
293
292
289
289
288
288
287
286
286
286
286
286
286
286
281
281
281
285
281
281
281
281
281
281
281
281
281
282
284
286
286
286
286
286
288
289
289
290
294
294
294
294
295
301
316
320
321
324
326
326
322
321
321
323
326
329
326
330
330
326
354
321
362
326
348
332
342
326
326
322
323
326
326
310
326
258
242
238
237
236
236
230
227
224
225
227
229
220
219
216
213
213
213
213
213
212
212
212
211
211
211
205
205
205
205
205
205
198
198
