580
581
582
581
582
582
582
582
582
582
582
581
581
581
583
581
583
588
587
589
589
590
590
590
591
595
599
598
598
598
599
606
604
611
605
616
610
622
612
624
622
627
632
602
597
588
582
578
576
569
567
562
561
557
555
554
553
546
546
546
543
538
539
538
536
536
534
532
532
532
532
528
527
527
527
527
525
525
523
523
523
523
523
523
523
523
523
523
523
521
523
523
523
523
523
523
523
522
523
524
523
524
527
526
525
526
527
529
528
532
532
532
534
538
538
536
536
543
546
542
542
549
551
546
549
560
558
554
560
572
576
571
565
590
594
595
584
457
616
612
608
611
342
326
323
321
321
322
326
326
324
321
321
317
298
296
290
289
290
289
288
288
282
281
278
276
278
277
276
274
278
279
276
273
273
271
271
272
273
280
279
279
273
273
272
271
271
276
277
278
276
273
273
277
279
288
304
321
324
315
297
297
299
308
320
321
321
326
568
643
404
322
326
326
324
321
321
322
326
327
338
346
348
348
354
511
580
565
559
567
565
551
553
553
548
543
542
545
539
534
536
537
531
527
530
528
525
525
525
524
519
523
523
520
519
517
517
517
517
517
517
517
517
515
515
515
515
515
515
515
515
515
515
515
515
517
517
517
517
517
517
517
517
518
520
519
523
523
523
525
525
525
525
527
527
528
533
534
534
536
536
539
542
543
546
546
553
555
557
561
565
567
571
574
580
580
592
608
626
611
629
605
623
607
619
603
610
604
605
597
599
599
595
598
590
590
590
590
590
590
590
586
581
581
581
581
582
582
582
582
582
582
582
580
580
580
580
580
580
580
