93
93
93
93
93
93
93
93
93
93
95
95
95
95
99
99
101
101
101
101
101
103
103
107
108
109
109
110
112
112
116
122
122
122
121
131
138
139
138
145
145
145
145
145
145
211
211
211
211
211
219
222
211
211
219
220
214
211
222
227
209
203
214
210
190
190
190
190
190
190
190
190
183
183
180
177
174
166
166
166
166
166
166
166
163
162
162
162
162
162
162
162
162
162
162
162
162
162
166
166
166
166
166
166
167
173
175
176
180
185
189
189
189
189
189
189
189
321
322
326
355
369
361
369
390
392
389
389
389
595
1008
1008
1010
1015
1014
1008
996
987
986
986
986
986
986
986
986
975
955
955
955
955
955
955
955
955
946
945
945
945
945
945
945
945
945
942
937
937
937
935
933
933
933
933
933
933
933
933
933
933
932
933
933
933
933
933
933
933
933
933
933
935
934
937
937
937
937
937
937
939
941
943
944
945
945
945
947
948
951
954
954
955
955
960
962
962
963
968
970
970
976
978
982
984
989
986
995
995
1000
1003
1008
1014
1729
1725
1724
1719
1708
1708
1704
1703
1698
1692
1688
1691
1687
1686
1684
1684
1681
1679
1680
1680
1679
1678
1674
1678
1678
1675
1672
1674
1674
1673
1673
1674
1674
1670
1671
1670
1670
1670
1670
1670
1670
1670
1670
1670
1670
1670
1670
1671
1671
1672
1672
1672
1676
1676
1676
1676
1676
1676
1676
1676
1676
1676
1676
1676
1676
1680
1688
1687
1687
1688
1692
1692
1692
1692
1692
1694
1703
1706
1706
1711
1252
245
205
205
205
205
205
2145
2148
2150
145
139
139
129
121
121
122
121
113
112
111
109
109
109
107
103
102
101
101
101
101
100
99
99
95
95
94
93
93
93
93
93
93
93
92
91
91
91
91
91
