91
91
93
93
93
93
93
93
93
93
93
93
93
95
95
96
99
99
100
101
101
101
101
102
105
108
113
114
110
112
113
120
126
126
126
128
132
143
145
149
154
154
154
154
154
154
192
211
211
211
211
215
220
219
212
219
225
222
215
221
223
209
209
209
202
195
198
198
198
198
198
225
219
219
205
167
166
161
157
157
157
157
164
167
173
181
174
171
168
166
166
166
168
172
176
179
173
168
166
166
166
166
166
167
182
189
189
189
1053
1053
817
346
326
205
283
341
357
322
326
357
357
382
384
395
389
389
389
389
389
389
389
389
797
1001
991
984
977
977
977
977
977
977
977
964
964
964
964
964
964
964
958
950
954
954
954
954
954
954
954
954
954
954
954
939
938
937
937
937
937
937
934
933
933
933
933
933
933
933
935
933
932
932
933
933
933
933
934
937
937
937
937
937
937
938
939
939
943
940
944
945
945
945
947
947
947
947
951
953
955
956
955
955
959
963
965
969
970
976
976
982
984
984
990
991
993
999
1002
1008
1013
1019
1729
1717
1707
1707
1704
1700
1696
1694
1692
1692
1688
1683
1684
1682
1680
1680
1678
1678
1678
1678
1676
1674
1676
1674
1672
1671
1671
1672
1672
1671
1670
1671
1670
1670
1665
1666
1666
1665
1665
1667
1666
1666
1668
1668
1667
1668
1670
1670
1670
1670
1670
1670
1671
1672
1676
1676
1676
1676
1676
1676
1676
1676
1676
1676
998
322
326
1688
1688
1687
1687
1687
1687
779
326
326
1240
1701
1705
1710
1712
1716
1716
1716
1716
1716
1734
2022
2153
2147
640
129
127
126
124
117
113
114
114
114
112
107
104
101
101
103
103
100
99
96
94
93
93
94
95
95
91
91
91
87
86
86
86
86
86
86
86
86
86
86
