95
95
95
95
95
95
95
95
95
96
99
99
101
97
94
94
94
95
99
102
103
103
108
107
103
105
109
112
114
118
118
118
120
123
130
133
130
133
173
150
148
170
159
149
164
159
149
152
159
150
149
154
155
151
150
154
155
154
154
155
158
159
166
162
157
160
175
172
164
163
166
166
168
168
174
174
162
164
167
164
162
163
164
157
157
157
157
157
157
157
157
157
157
157
157
157
157
157
158
162
166
166
166
166
166
166
166
172
173
174
174
177
180
183
184
184
184
189
193
191
247
361
350
330
329
347
365
365
365
395
792
985
990
990
990
991
992
996
998
998
998
998
998
998
998
998
998
953
953
953
953
953
953
953
953
953
953
953
953
953
953
953
953
938
933
933
933
933
933
933
933
933
933
932
933
931
931
931
931
931
931
931
931
932
933
933
933
933
933
933
933
933
933
933
933
933
933
939
939
937
938
941
942
941
941
945
945
946
950
951
952
954
953
960
960
962
963
966
967
972
974
979
984
985
986
992
995
998
1004
1007
1011
1494
1724
1722
1722
1722
1713
1707
1706
1703
1700
1696
1694
1694
1692
1692
1687
1686
1686
1686
1683
1683
1682
1679
1678
1678
1678
1679
1679
1677
1676
1677
1677
1676
1676
1676
1676
1674
1674
1671
1674
1671
1671
1671
1671
1672
1673
1676
1675
1675
1675
1676
1676
1676
1676
1676
1679
1679
1679
1679
1679
1679
1679
1679
1679
1679
1688
1692
1692
1692
1694
1694
1694
1694
1694
1694
1704
1708
1708
1712
1714
203
203
203
203
285
203
1738
1738
1746
2023
2160
1657
139
133
125
121
121
122
121
113
112
110
109
109
108
107
104
103
101
101
101
101
101
100
99
99
95
95
95
95
93
93
93
93
93
93
93
93
93
