391
389
390
390
390
390
392
391
391
391
391
392
392
392
392
397
393
392
393
395
397
399
401
399
402
402
405
402
408
407
405
414
412
413
416
415
418
394
394
392
412
427
431
441
443
488
418
456
443
524
490
570
520
510
570
509
564
521
553
552
462
546
551
542
544
516
513
541
536
540
539
536
538
534
533
532
528
527
530
526
527
528
527
428
466
527
527
527
527
527
527
527
527
527
527
527
527
527
527
527
527
528
527
527
527
532
532
534
535
535
535
534
537
538
538
537
537
538
543
546
546
546
547
553
553
555
556
561
562
565
568
571
575
579
580
585
543
492
492
492
492
500
500
500
500
500
529
618
618
618
618
1165
1206
1024
1024
958
1101
1079
1026
858
881
379
426
460
440
464
441
498
483
433
417
404
367
446
427
451
521
486
472
432
384
355
459
438
418
491
492
494
477
412
363
354
448
433
475
485
466
491
471
439
358
424
450
436
500
439
437
406
476
459
405
430
566
493
484
448
434
465
454
381
421
537
525
428
479
503
465
447
398
409
571
561
561
559
554
552
549
546
542
540
539
537
537
534
534
534
533
536
536
536
536
536
536
536
529
523
383
518
518
517
518
517
517
517
516
515
515
515
515
515
515
515
515
515
515
515
515
515
515
515
515
516
517
517
517
517
517
518
519
501
340
360
403
372
393
326
326
326
324
321
321
321
321
323
326
326
324
323
324
322
308
306
314
291
290
290
288
297
313
326
326
323
321
321
321
321
321
326
326
326
326
324
321
321
324
326
389
402
400
406
403
398
401
400
397
399
395
392
395
399
392
392
392
393
393
393
393
393
393
393
