429
429
427
427
428
428
427
427
427
427
427
427
427
427
429
429
429
430
433
434
435
435
435
436
437
437
436
439
438
439
444
446
446
449
450
452
454
454
457
461
461
463
466
473
473
473
480
483
485
494
498
501
557
528
550
558
547
555
540
547
540
541
544
540
539
536
538
536
537
536
535
534
532
532
532
532
526
525
525
525
525
525
525
525
525
526
527
527
525
523
522
523
523
519
523
524
525
525
525
526
527
526
524
525
526
527
527
528
532
533
534
534
534
535
536
536
536
538
542
542
543
544
544
551
551
551
553
554
559
561
562
563
570
572
577
584
588
599
606
603
603
603
603
603
603
603
603
603
725
873
928
925
923
923
919
916
918
918
917
913
931
1000
1000
1000
1000
1000
1000
1000
1000
1000
1000
1000
1000
1000
1000
1000
1000
1000
1000
1000
1000
1000
1000
1000
1000
1000
1000
1000
1000
1000
1000
1000
1000
1000
1000
1000
1000
1000
1000
1000
1000
1000
1000
1000
1000
1000
1000
1000
1000
1000
1000
1000
1000
1000
1000
1000
1000
1000
1000
1000
1000
1000
1000
1000
1000
1000
584
578
575
571
565
561
561
558
555
552
546
546
546
544
544
539
538
536
534
534
534
529
532
530
326
261
323
279
227
220
213
201
197
191
190
192
197
193
190
190
190
190
190
190
191
191
191
191
191
191
191
191
191
191
191
191
191
191
191
191
191
194
203
203
203
201
198
197
208
227
325
326
326
326
541
542
545
543
544
545
553
544
555
550
560
554
563
563
602
499
498
492
481
481
479
475
471
469
468
463
462
456
456
455
454
449
448
448
447
441
439
439
439
437
439
439
437
437
437
435
433
428
430
428
428
428
428
428
428
429
429
429
429
429
