419
420
420
420
420
420
420
420
420
420
420
420
420
420
420
420
420
420
427
425
429
429
429
429
428
428
430
433
432
437
437
439
439
439
441
446
448
448
447
454
455
456
459
463
464
468
472
477
480
482
483
493
501
573
546
560
545
550
548
546
546
543
544
538
542
534
538
533
534
532
532
527
527
527
527
527
527
527
527
527
527
525
520
518
518
518
518
517
517
518
518
518
518
518
518
518
518
518
518
518
518
518
518
520
523
524
527
527
527
527
526
525
527
527
532
532
532
535
536
538
537
537
538
541
546
546
546
548
554
556
560
561
564
568
572
575
579
580
584
590
593
597
597
597
597
597
597
597
597
597
597
833
1000
1000
1000
1000
1000
1000
1000
1000
1000
1000
1000
1000
1000
1000
1000
1000
1000
1000
1000
1000
1000
1000
1000
1000
1000
1000
1000
1000
1000
1000
1000
1000
1000
1000
1000
1000
1000
1000
1000
1000
1000
1000
1000
1000
1000
1000
1000
1000
1000
1000
1000
1000
1000
1000
1000
1000
1000
1000
1000
1000
1000
1000
1000
1000
1000
1000
1000
1000
1000
1000
1000
1000
1000
1000
1000
1000
870
580
580
571
569
563
562
554
555
555
551
547
544
544
542
542
540
536
536
535
534
530
530
527
527
527
527
527
525
525
525
525
524
521
521
519
519
519
519
519
519
518
517
517
517
517
517
517
519
519
519
519
519
519
519
519
520
521
520
525
521
521
522
525
527
527
527
527
529
527
527
536
534
536
538
540
541
540
542
546
550
546
554
547
563
546
571
553
494
494
485
483
477
475
469
469
464
462
455
456
455
451
447
448
448
447
439
439
441
439
435
435
435
433
433
433
428
428
428
427
428
429
424
425
425
424
425
424
422
420
420
420
