2	427
2	427
2	427
2	427
2	427
2	427
2	427
2	427
2	427
2	427
2	427
2	427
2	427
2	427
3	425
3	425
3	427
3	427
4	427
4	427
5	427
5	427
6	427
6	427
6	427
7	427
7	427
8	427
8	427
9	427
9	427
9	427
10	427
10	427
11	427
11	427
11	427
12	427
12	427
12	427
13	427
14	429
14	429
14	429
15	429
15	429
16	429
16	429
17	429
17	429
17	433
18	433
18	433
18	433
19	433
19	435
20	435
20	435
21	435
21	435
22	435
22	435
22	435
23	435
23	437
24	437
24	437
24	437
25	437
25	437
26	437
26	437
26	436
27	439
27	439
28	439
28	439
28	436
29	439
29	439
30	443
30	443
30	446
31	446
31	446
32	446
32	446
33	448
33	448
33	452
34	448
34	452
35	452
35	452
36	454
36	454
36	454
37	454
37	454
38	455
38	460
39	460
39	460
39	464
40	460
40	462
41	462
41	464
42	464
42	464
42	471
43	473
43	473
44	473
44	473
44	473
45	475
45	471
46	479
46	479
46	483
47	483
47	483
48	483
48	488
49	492
49	496
50	498
50	498
51	498
51	498
51	509
52	551
52	563
53	510
53	546
54	544
54	546
54	561
55	562
55	555
56	542
56	546
56	555
57	559
57	551
58	540
58	540
59	544
59	546
59	553
60	544
60	537
61	537
61	546
62	546
62	542
63	538
63	542
63	542
64	546
64	537
64	536
65	536
65	536
65	536
65	537
65	537
66	540
66	536
67	534
67	538
68	538
68	535
68	538
69	538
69	534
70	534
70	535
70	538
71	536
71	532
72	532
72	532
72	532
73	532
73	532
74	532
74	532
74	532
75	532
76	527
76	525
77	525
77	525
78	525
78	525
79	525
79	525
80	525
80	525
80	525
81	525
81	525
81	525
82	525
82	525
83	525
83	525
83	525
84	525
84	525
85	525
85	527
86	527
86	527
86	527
87	527
87	527
88	527
88	523
88	525
89	523
89	523
90	521
90	523
91	523
91	523
91	523
92	523
92	523
93	518
93	518
93	523
94	523
94	523
95	523
95	525
95	525
96	525
96	525
97	525
97	525
98	525
98	525
98	525
99	525
99	527
100	527
100	527
101	527
101	527
101	525
102	525
102	524
103	525
103	525
104	525
104	527
104	527
105	527
105	527
106	527
106	527
107	532
107	527
107	527
108	532
108	532
109	532
109	534
110	534
110	534
111	534
111	534
112	534
112	534
112	534
113	534
113	536
114	536
114	536
114	536
115	536
115	536
116	536
116	536
117	537
117	535
117	542
118	542
118	542
119	542
119	542
119	542
120	542
120	544
121	544
121	544
122	544
122	544
122	546
123	551
123	551
124	551
124	551
124	551
125	551
125	551
126	553
126	553
126	553
127	554
127	554
128	559
128	559
129	559
129	563
129	563
130	563
130	562
131	563
131	563
131	563
132	569
132	572
133	572
133	573
134	576
134	578
135	582
135	586
135	586
136	588
136	588
137	590
137	609
138	609
138	603
139	603
139	603
139	603
140	603
140	603
141	603
141	603
141	603
142	603
142	603
143	603
144	603
144	603
144	603
145	603
145	603
146	603
146	603
147	603
147	603
147	603
148	603
148	847
149	847
149	847
149	925
150	925
150	931
151	925
151	925
152	925
152	923
152	923
153	923
153	923
154	923
154	916
155	916
155	917
155	917
156	916
156	915
156	925
157	908
157	929
158	915
158	933
158	903
159	903
159	921
159	915
160	933
160	929
161	929
161	1406
162	1406
162	1406
162	1406
163	1406
163	1407
164	1406
164	1406
165	1408
165	1404
165	1404
166	1404
166	1405
166	1404
167	1404
167	1404
168	1404
168	1404
169	1404
169	1404
170	1402
170	1399
171	1399
171	1399
171	1402
172	1401
172	1402
172	1402
173	1399
173	1399
174	1402
174	1399
174	1399
175	1402
175	1397
176	1399
176	1397
177	1398
177	1397
177	1397
178	1402
178	1398
179	1399
179	1397
180	1397
180	1398
181	1402
181	1400
181	1398
182	1402
182	1402
183	1399
183	1399
184	1399
184	1402
185	1402
185	1399
185	1399
186	1400
186	1402
187	1402
187	1402
188	1399
188	1402
188	1398
189	1398
189	1402
189	1394
190	1397
190	1397
191	1397
191	1398
192	1398
192	1397
192	1398
193	1398
193	1398
194	1401
194	1401
194	1397
195	1397
195	1404
196	1404
196	1404
196	1404
197	1404
197	1404
198	1404
198	1404
199	1404
199	1404
199	1404
200	1404
200	1404
201	1404
201	1406
201	1406
202	1406
202	1406
203	1406
203	1406
203	1406
204	1406
204	1405
205	1405
205	1412
206	1412
206	1412
207	1412
207	1412
207	1412
208	1414
208	1414
208	1414
209	1414
209	1414
210	1414
210	1414
211	1413
211	1420
212	1420
212	1413
213	1420
213	1422
214	1422
214	1422
214	1422
215	1422
215	1428
216	1428
216	1428
216	1428
217	1428
217	1428
218	1428
218	1428
219	1428
219	1428
220	1428
220	1428
220	1428
221	1428
221	1428
222	1428
222	1428
223	1428
223	1428
223	1428
224	1428
224	1428
225	1428
225	1428
225	581
226	588
226	581
227	578
227	578
228	578
228	578
228	571
229	571
229	572
230	567
230	563
230	567
231	563
231	561
231	561
232	561
232	561
233	561
233	555
234	555
234	555
235	555
235	551
235	551
236	546
236	546
237	546
237	546
237	546
238	546
238	546
239	542
239	546
240	546
240	542
241	540
241	540
241	537
242	540
242	536
243	537
243	536
244	534
244	534
244	534
245	534
245	534
246	534
246	534
246	534
247	532
247	527
248	532
248	532
249	528
249	532
250	326
250	326
250	326
251	326
251	225
251	233
252	326
252	321
253	321
253	237
254	227
254	228
254	227
255	220
255	220
256	217
256	213
256	209
257	203
257	199
258	199
258	195
259	191
259	191
259	191
260	190
260	190
261	190
261	190
261	197
262	197
262	197
263	197
263	190
264	190
264	190
265	190
265	190
266	190
266	190
266	190
267	190
267	190
267	190
268	190
268	190
269	190
269	191
270	191
270	191
270	191
271	191
271	191
272	191
272	191
273	191
273	191
273	191
274	191
274	191
275	191
275	191
276	191
276	191
276	191
277	191
277	191
278	191
278	191
279	191
279	191
279	191
280	191
280	191
281	191
281	191
281	191
282	191
282	191
283	191
283	191
283	191
284	191
284	191
285	191
285	191
285	191
285	191
285	191
286	191
286	191
286	191
287	191
287	197
288	203
288	203
289	203
289	203
290	203
290	203
291	203
291	199
292	199
292	198
292	197
293	197
293	197
293	198
294	205
294	212
295	227
296	326
296	324
297	326
297	326
298	326
298	326
299	326
299	326
300	544
300	540
300	540
301	540
301	544
302	544
302	546
303	542
303	542
303	546
304	546
304	546
304	542
305	544
305	547
306	554
306	553
307	544
307	544
308	544
308	559
308	563
309	555
309	546
310	550
310	570
311	563
311	553
311	546
312	553
312	573
313	572
313	555
314	546
314	555
314	706
315	499
315	500
316	500
316	498
316	496
317	492
317	492
317	492
318	481
318	481
319	481
319	481
320	481
320	479
320	479
321	475
321	475
321	475
322	473
322	469
323	469
323	469
324	473
324	464
325	464
325	462
326	462
326	462
326	462
327	456
327	457
328	456
328	456
328	456
329	456
329	454
330	454
330	454
330	454
331	447
331	452
332	448
332	448
333	448
333	448
334	448
334	446
335	445
335	439
335	441
336	439
336	439
337	439
337	439
337	440
338	439
338	439
338	439
339	439
339	436
340	439
340	439
340	439
341	439
341	439
342	437
342	437
343	437
343	437
343	437
344	437
344	437
345	437
345	433
345	437
346	433
346	433
347	428
347	428
348	428
348	431
348	431
349	428
349	428
350	428
350	428
350	428
351	428
351	428
352	428
352	428
352	428
353	428
353	428
354	429
354	428
354	429
355	429
355	429
355	429
356	429
356	429
357	429
357	429
358	429
358	429
358	429
359	429
359	429
0	429
0	429
0	429
1	429
1	429
1	429
2	429
2	429
3	429
3	429
4	429
4	429
4	429
5	429
5	429
6	429
6	429
